0000111111111111111100000
0001111111111111111100000
0010111111111111111100000
0011111111111111111100000
0100111111111111111100000
0101111111111111111100000
0110111111111111111100000
0111111111111111111100000
0000000000000000000100001
0000000000000000001000010
0000000000000000001100011
0000000000000000010100101
1100000001001010001100011
1100000010001010000100110
1100000101001100010100111
1100000011000000001100011
1100000100001110011001101
1100000110000000000111111
1100000111000010011111110
1100001000000010011111110
1100001001001010011011101
1100001010010000011111100
0000000000000000110001100
1100001011011000000101101
1100001100000000110101101
1100001101000010011100111
0000000000000000101001010
0000000000000000111001110
1100001110011100101000100
1100001111011100101001001
0000000000000001000001111
0000000001000000000010000
0000110000000000000000010
0001011111111111111100010
1000010000011110001010001
0001000000000000010010010
0001000000000000100010011
1000110011100100000110100
1001000110001010000110101
1001110011100100000110110
1010000110001010000110111
0011000000000000010010010
0011000000000000100010011
1010110011100100000111000
1011000110001010000111001
1011110011100100000111010
1100000000000000000000000
1100000000000000000000000
1100000000000000000000000
1100000000000000000000000
1100000000000000000000000
1100000000000000000000000
1100000000000000000000000
1100000000000000000000000
1100000000000000000000000
1100000000000000000000000
1100000000000000000000000
1100000000000000000000000
1100000000000000000000000
1100000000000000000000000
1100000000000000000000000
1100000000000000000000000
1100000000000000000000000
1100000000000000000000000